pbd, molpdf_coor1, DOPE_coor1, DOPEHR_coor1, NDOPE_coor1, outlier_coor1, allowed_coor1, molpdf_coor2, DOPE_coor2, DOPEHR_coor2, NDOPE_coor2, outlier_coor2, allowed_coor2, coef_var_coor1, coef_var_coor2
1a0aA, -0.020526557803811362, -0.29305934818659857, -0.5273254671521036, 0.793397226005265, 0.07793034782896358, -0.008392449725547318, 0.5129902391264891, 0.007324612904039867, 0.049689394047194316, -0.03535557447767116, 0.842299682525544, -0.1536214727721918, 0.47043228441294616, 0.39317458316562687
1a1w_, -0.28498891768074053, 0.047115808760618674, 0.08253944800672022, 0.20338601122120625, 0.9313049881030612, -0.03246238531938163, 0.8974727309089999, -0.05891085762398426, -0.10335611153987054, -0.25229569857949624, 0.3414600119011325, -0.011902230331733757, 0.46807699885326703, 0.37714593179043204
1a4pA, 0.4008734337523396, -0.2318570519044301, -0.733556354491478, 0.2382551346463388, 0.4144524026513022, -0.13748297760154188, 0.4029058733558799, 0.3866855306139987, 0.36465124428298457, -0.36251958051104133, 0.6386754023484662, -0.1258726016776492, 0.6984476238914182, 0.18740547991444123
1a8o_, 0.9719366040641984, -0.0633301688970961, -0.15796794066087386, -0.1624027620177134, 0.0, 0.0, -0.23329471625299678, -0.291081966254216, -0.5520922171481383, -0.7456802585924254, -0.0, -0.0, 0.7227882191861741, 0.2693097593054592
1af8_, 0.07906661970931216, -0.0036048754279310647, -0.018545158559611655, -0.015187364357692926, -0.9960585954531488, 0.032065090092772905, 0.8131231383333861, -0.11320004451586868, -0.2849525988505643, -0.48865709334762064, 0.07763071510741464, -0.0024990857819495826, 0.9252494072141528, 0.05668363991920086
1afp_, 0.4098586427066045, -0.2838777757988258, -0.6350619619475518, 0.3523333570911326, 0.4578262048256384, -0.11992488294504412, 0.24463527197603135, 0.2540343040366074, 0.44873944013197725, -0.2976961855187294, 0.7491548624391478, -0.1561955318159551, 0.6802305376097282, 0.21660513253796831
1agqA, 0.038528059702879716, -0.036935637990544286, -0.06504255226453559, 0.17704328767113683, -0.9795009560785086, 0.04641513749371439, 0.9966375894374792, -0.0023593674132741283, -0.0643965104086691, 0.018899830305596596, 0.0468232577592581, -0.003378919956904689, 0.7921349904774927, 0.10221788806547635
1ail_, 0.8090702445477341, -0.12785956645956684, -0.2817631606199591, -0.4996666808680489, 0.0, 0.0, -0.5862599218573085, -0.18450024946780866, -0.3252803592763442, -0.7186457053647717, -0.0, -0.0, 0.7252079073967562, 0.2487984913566192
1am9A, 0.19251830979758466, -0.15896194936156216, -0.2376558865270494, 0.9369738224801268, 0.05698006308255385, -0.004561473992431223, -0.0652401742857644, -0.007500080507104039, -0.038692968840636444, -0.05838741989086894, 0.9939153812603991, -0.0539763532144537, 0.505582896120519, 0.4249796554369471
1apj_, 0.07462120945259075, -0.17569998532391573, -0.5339080250872353, 0.31048784796227574, 0.7582888241685615, -0.08425417742326581, 0.10527488949450628, 0.1835906297207129, 0.6705768290029333, -0.32378293253732315, 0.62899846049891, -0.07116139411629495, 0.48578956335349915, 0.39313427642962495
1atx_, -0.000936998778848615, -0.03153412096249127, -0.05477610359681455, 0.037206842569385445, 0.996276922269895, -0.045301707932534414, -0.05539495682918941, 0.4073987292468916, 0.7306633772978852, -0.5401327695996043, 0.07303605449510478, -0.003321022433946906, 0.7035940443086581, 0.21192338124490018
1awj_, 0.4686159260301031, -0.07140420566166747, -0.19473991002216337, -0.417093238854615, 0.7471271414835788, -0.07218853987772779, 0.02778955084791728, 0.13079084150178205, 0.23784579113594678, 0.8156640801031719, 0.5067277788417883, -0.05890622090541336, 0.6557134180259694, 0.2419247831218926
1a1iA, 0.4386418517985268, -0.04218384913853535, -0.7690271524740797, 0.07267683789853509, 0.43736085043495604, -0.13358387335343683, 0.12149400516384978, 0.6072103469262141, -0.10016205886024458, -0.7708713727227462, -0.11070608157644289, 0.001963027867533576, 0.6189300756976434, 0.2733497282511577
1a32_, 0.37689328131545213, -0.47041413378677793, -0.572484864626924, 0.34057059857310984, 0.4278025805313007, -0.09959767308683905, 0.2932078286697818, -0.059408668354167755, 0.7435745376145271, 0.08256495711394082, 0.5865230356655882, -0.08228270069021884, 0.6105220541148256, 0.25914937497525353
1a6s_, 0.9613741879038602, -0.048504333704023316, -0.15398482590617407, -0.16935044548139586, -0.14492807459764234, 0.0034574041476013537, 0.142379454084087, -0.004174609116768857, -0.02464119180014657, -0.015076398928129443, 0.9891003020089003, -0.023595976804724316, 0.5043127887379037, 0.4301035214975607
1adr_, 0.20125034521535815, 0.01738984413995322, -0.03518920635968854, 0.08242447869058947, 0.9738249249773391, -0.0531867693390651, 0.5491245003704732, -0.1589541667647493, -0.27291908140341453, -0.7717461652378961, -0.054525094824172296, 0.012078966923378056, 0.7665009812374853, 0.15355054273641053
1afj_, 0.9995492703290146, 0.001758999785860134, -0.02942627620503808, 0.00567946944636531, -0.0, -0.0, 0.00876915121931186, 0.2716104504783883, 0.47558341737863846, 0.8366428618546121, -0.0, -0.0, 0.9195356177353102, 0.07238298716698705
1agg_, 0.09941964032544207, -0.09824957900004154, -0.4019279642137189, 0.4449768837952862, 0.7865947369424857, -0.04670074548771632, 0.1674110183424058, 0.163922298801007, 0.29237194694726826, -0.7358739800664761, 0.5632384829258104, -0.029556257276098053, 0.6080419477982589, 0.3015822311843652
1aho_, -0.04270539604228789, 0.018678520687066533, 0.04658357241989414, 0.06721329202748992, 0.9950587713294852, -0.03158714563708295, 0.8404849081160237, -0.11820652973953906, -0.3163386228044326, -0.41588078632243036, 0.0811095158269175, -0.002574740470409657, 0.9035577995153184, 0.07701781664810439
1akhA, 0.2201366118317354, -0.298643809761418, -0.7795591304086278, 0.24057377096743557, 0.4326263038539531, -0.09796964404930882, 0.565583127090022, -0.35480663761814424, 0.5829387401134994, 0.32745617025646084, 0.32073719960203, -0.06565445057636049, 0.6135901946613708, 0.237377048355731
1aoy_, 0.19302790549796706, -0.14907860652662927, -0.30231425044139243, 0.3584796249670948, 0.8432433763057137, -0.09774895168336442, 0.07520274947902233, -0.23752613795593913, -0.6324934889107289, 0.5293518484434548, -0.5040385154032226, 0.06008046507541445, 0.6427366912439401, 0.26492976870638973
1atb_, 0.21828497807273076, -0.03134203424975864, -0.055584054853714086, 0.047804103143495875, 0.9720703102917404, -0.03276946223024491, 0.33860233498372166, -0.292162869684422, -0.7307764221459296, 0.49298398084717815, -0.15131395226062183, 0.005100944644657837, 0.6574021023946911, 0.25909396209720387
1aw0_, 0.1634808170332382, -0.01266334225502631, -0.006684633534801154, 0.031387010471753615, 0.9816262880504707, -0.0921610768246703, 0.41030632633888947, -0.2728016080887799, -0.4085483266945828, 0.7618557685748616, -0.0993756994108603, -0.004064997088114145, 0.5563429387352895, 0.32989383536131134
