pbd, molpdf_coor1, DOPE_coor1, DOPEHR_coor1, NDOPE_coor1, outlier_coor1, allowed_coor1, molpdf_coor2, DOPE_coor2, DOPEHR_coor2, NDOPE_coor2, outlier_coor2, allowed_coor2, coef_var_coor1, coef_var_coor2
12asA, 0.27116025776252567, 0.5670562302701067, 0.5282599591307091, 0.567057920969685, 0.04640084140819723, -0.04640084140819767, -0.12897096151207565, -0.019423388882582833, -0.015218281218756175, -0.01942457737167174, 0.700849596119469, -0.7008495961194687, 0.4894562053318274, 0.3353025446775029
1a02N, -0.0679687803138533, -0.49491826872549877, -0.4610474987704619, -0.4949184007230613, -0.38252021804438496, 0.38289086627250213, -0.3286044296883664, -0.27783633524375, -0.29983904746597495, -0.2778382130468022, 0.5689641243743357, -0.5692173554698667, 0.547938315849228, 0.25200142396837094
1a12A, 0.38270957496295355, 0.5158152401207978, 0.5148289433759307, 0.5158161106555826, 0.16678231469376045, -0.1689277296560883, -0.06892015638491089, -0.12903248695938074, -0.13794569311809132, -0.12903082394949597, 0.6869833511077654, -0.6862773031907615, 0.573438659521712, 0.3188124191973439
1a3qA, 0.47799853384112667, 0.19191205412195578, 0.48024933300190925, 0.1919107857564257, 0.48356744357035875, -0.4830947330584604, 0.06574268977527382, -0.6782684359777067, 0.1393470125338306, -0.6782691912573654, 0.1674376879849965, -0.1677133340813504, 0.6507164226437941, 0.3100184036433551
1a4mA, 0.37932397052642064, 0.5358272704387813, 0.5159277459618387, 0.5358265207270674, 0.0812309675399546, -0.09545937451597324, 0.0570430018784053, -0.09404900380853878, -0.08528971943454065, -0.09404544258866665, 0.697891547497662, -0.6962250981095988, 0.5494598926882426, 0.3305602812461954
1a7j_, 0.2628291641295772, 0.4704017862909667, 0.4424984145857091, 0.4704011350488453, 0.38287516720008535, -0.3820569610838335, -0.08424909267359183, 0.33166358994576967, 0.33728068294262703, 0.33166510930384735, -0.5738012642508633, 0.5743635249702873, 0.6193485957399636, 0.2208494303716347
1a8q_, 0.2335150660301947, 0.5087363472489174, 0.4657463484912954, 0.5087336470372956, 0.3247525659358984, -0.3247525659358984, 0.09639159619696736, -0.29252689608467225, -0.2633601325209368, -0.292536271716787, 0.612454343432335, -0.612454343432335, 0.5134772430423071, 0.2924247784753853
1abrB, 0.18076940707013187, 0.5132819587519378, 0.44056421791472844, 0.5132844968583297, 0.35093179356205517, -0.3509317935620545, 0.01562940686878003, -0.2585865947483282, -0.3671646324583579, -0.25857709176188465, 0.6046555692892762, -0.6046555692892772, 0.5285343963286276, 0.2752774393775291
1ad3A, 0.4900555989437243, -0.020847904438357517, 0.48842714716154306, -0.02084705250848248, 0.509653441605715, -0.510557113946355, -0.00643304366532439, -0.697898537994571, -0.1474845425833553, -0.6978985006295507, 0.044646425636897365, -0.04570487731187063, 0.5993993424114834, 0.3409276756395027
1ajsA, -0.28584738237132606, -0.5015078625646776, -0.4850042448557887, -0.5015075322507258, 0.30239302358860126, -0.29765865455226925, 0.09219748345627911, 0.24661226591366844, 0.2270201033355974, 0.24661225376601617, 0.6375256741466157, -0.641784463915339, 0.5573012047371552, 0.2839236769469279
1ako_, 0.027269213984168806, 0.5323677779800688, 0.5268801616376979, 0.5323674983592112, 0.27948482042808037, -0.27696807767488696, 0.36137956274818706, -0.2523402630366912, -0.1431256728949785, -0.25234036776040214, 0.5993532921152925, -0.6019503426911293, 0.4936922374449096, 0.33262497907522237
1aq0A, 0.25569090007809353, 0.47814967549572857, 0.4703305820514493, 0.4781479193788879, 0.35876652013242694, -0.35699488267121965, -0.10532050304430865, -0.3188149182551116, -0.21878579492471928, -0.3188209562806694, 0.6063122572926976, -0.6083880833551493, 0.5973360564102139, 0.24355779776402298
1aru_, 0.34273475627294536, 0.42922843676241706, 0.4549367026858178, 0.42922930587773117, 0.39184859030121144, -0.3918485903012109, 0.3012164581776399, -0.4314953390582173, -0.2511664529933011, -0.4314941552885591, 0.4867281708184397, -0.48672817081843994, 0.6153137285914145, 0.2603942150333546
16pk_, -0.34626626590584947, -0.5266065882189995, -0.5457993956658915, -0.5266070823993682, -0.11656760842157653, 0.1182589001488314, -0.2384496361060993, 0.22848985481396905, -0.011037280651774718, 0.22849143658434443, -0.6476489569891808, 0.6474216768399272, 0.4890542851471813, 0.3623975269557893
1a0cA, 0.08531037740956078, 0.4878508301747637, 0.4670425134060862, 0.48785193789449516, 0.38903988179754767, -0.3837231485575167, 0.3998989400271648, 0.26450749498058274, 0.2918206849812778, 0.2644923948663339, -0.5501274841699418, 0.5588925074645619, 0.5901432727364215, 0.2317212834297652
1a28A, 0.2568496272448406, 0.5088239305521468, 0.42917789219832164, 0.508823888033656, 0.3406105286806114, -0.3406105286806104, 0.28372578904672296, -0.2853196919514665, -0.3744861894008783, -0.28531621070787694, 0.5551788468006693, -0.5551788468006702, 0.5194492928988826, 0.3156811191368275
1a48_, 0.31668200234415317, 0.4943005056158652, 0.48976344357287377, 0.49430023505016596, 0.2946556221569438, -0.2904421299320969, 0.0845735485104742, -0.280352368553498, -0.23504409605158172, -0.2803422273276364, 0.6235311509613409, -0.6257965137390028, 0.5517975869637022, 0.2980859577666384
1a4yA, 0.12767107658240012, 0.5230187331428827, 0.5124837985080275, 0.5230187714613543, 0.3019574151965665, -0.28772372401238105, -0.09425165202452507, 0.2765223791966849, 0.18790858459086165, 0.2765242438437143, -0.6278591539159089, 0.63927270326659, 0.5051825902320243, 0.2996834917733737
1a8d_, 0.4279063935314238, 0.5000208387316095, 0.5219221791106234, 0.5000204747308465, 0.14898064216156118, -0.14918716859218778, 0.14067653038649922, -0.21168389913137672, -0.08924953205547605, -0.21168226188608794, 0.6648809828675757, -0.6637457798725872, 0.5544744628904158, 0.3421607449239559
1a8y_, 0.17549060235013939, 0.47961613447632767, 0.4498150292703634, 0.4796191141971973, 0.39112241635845, -0.3922073586738227, 0.3700603266674181, -0.3517176958736253, -0.29141732609894305, -0.35170592570115145, 0.5170113391561414, -0.5132525461175654, 0.560117722141628, 0.26102372229428145
1ac5_, 0.14538277191740984, 0.48638310800829804, 0.5001179188195407, 0.48638453189060965, 0.35749648689669844, -0.3574964868966989, -0.3222061345166252, 0.3495860160335397, 0.20348228585605263, 0.3495797799960223, -0.5524317881125145, 0.5524317881125144, 0.5369955998098231, 0.2912922574946469
1afrA, 0.41921947815967603, 0.4308849640298065, 0.4628361070526886, 0.43088871725569766, 0.34547852918424055, -0.345478529184242, 0.13812045318162272, -0.3863731972359469, -0.24007149148839216, -0.3863626863702988, 0.5588953598062175, -0.5588953598062157, 0.6421248620123288, 0.2734619319419058
1ak0_, -0.36071336247715835, -0.4423906390767474, -0.44482831047777716, -0.44239228010932197, -0.3749432500129431, 0.3741801659021797, -0.035139152424050364, 0.35748555803197424, 0.28591315145449175, 0.35748494171363926, -0.5759448605112266, 0.574208167557332, 0.658210580743045, 0.21432105040447935
1amp_, 0.15140550493937868, 0.5777531128813354, 0.546295458577005, 0.5777498776056804, 0.07482602629621497, -0.0737911260481719, -0.08933058273646428, 0.07252714914217095, 0.06155125474282719, 0.07253552161061273, -0.6990117887998359, 0.6993514280305625, 0.47153746023120824, 0.3336388236403361
1aquA, 0.40532694311838086, 0.5300143865921559, 0.519025635057988, 0.5300135023075997, 0.053259664616237136, -0.04069772520546145, -0.12135156999284792, 0.08065166105505996, 0.0560613655014531, 0.08063886378449459, -0.6954909998901239, 0.6967179286101548, 0.5526224380087887, 0.33768417795896094
1auiA, -0.38338704670022905, -0.5185617596691964, -0.4752425700949084, -0.5185611771144926, -0.21601030343526012, 0.2066069403487888, -0.02562917834317116, -0.17895900522116928, -0.1855506057138396, -0.17896103102372837, 0.6686966398839251, -0.673576681284175, 0.5493173074441626, 0.313413197710974
19hcA, 0.4092873074072791, 0.45317011323383777, 0.47609103000244624, 0.45317066270010403, 0.3115156174560368, -0.31313327860046075, 0.27793145037841877, -0.37030625987503174, -0.24549615131459282, -0.37030597814227384, 0.5460991686841775, -0.5385240969466275, 0.5369621325769436, 0.3626444068955116
1a0tP, 0.35125323605822584, 0.5296042628195072, 0.5307876525493027, 0.5296072952266166, 0.13044721683042973, -0.13001766544271814, 0.02147180959158215, -0.1380457796328023, -0.077887792429237, -0.13804322640214373, 0.690222662317475, -0.692063985464349, 0.5388487126297067, 0.32677890983853436
1a2oA, 0.2735090132490572, 0.5560723343547673, 0.5398366895900923, 0.5560731684664465, -0.0875652857040505, 0.08756528570405052, 0.4103942745181439, 0.00795432983108369, -0.015177397946569995, 0.00796016460808538, 0.6446780399744697, -0.64467803997447, 0.49860738692943724, 0.3762450941266689
1a4iA, -0.05951936235920878, -0.5404087710255928, -0.5174306848256143, -0.5404075283750754, 0.2702325538725884, -0.2676104672969601, -0.11467687673799482, 0.21451946744793704, 0.23799585326094108, 0.21452554880728233, 0.6468735908250046, -0.6478595004012578, 0.5119554792016474, 0.3056679010442403
1a59_, 0.25288102223738, 0.4925060542228763, 0.4675379277678554, 0.4925067525172529, 0.33891613379730584, -0.34273928024276074, -0.23245121396904378, 0.31723741333803923, 0.2938303316529409, 0.31723412565715464, -0.57672130997809, 0.5707413013260263, 0.5418645580821165, 0.29255753884343716
1a8e_, 0.3949405381025776, 0.4526378909447132, 0.4175653410672371, 0.45264367409127854, 0.3604814844682861, -0.36048148446828604, -0.27839916652050695, 0.36481766404083155, 0.35903219637721545, 0.36481489240238446, -0.5135211545450032, 0.5135211545450034, 0.5744088415236287, 0.3215897104685763
1a99A, 0.2256263419007067, 0.4814664927198681, 0.48710193783323963, 0.48146704234604065, 0.35228110900401227, -0.35228110900401244, 0.09186588239797774, 0.3178624353215995, 0.21168721192130993, 0.31786153726822086, -0.610195337288449, 0.6101953372884492, 0.5855198069057551, 0.2521034090204789
1ad1A, 0.37292415215906466, 0.49675455377206923, 0.46381315335781864, 0.4967557465582463, 0.27376119672364535, -0.27807981632119405, 0.14183410136382515, -0.25401890051668397, -0.30289750350899636, -0.2540140730072568, 0.6181400435855255, -0.61399537902901, 0.5578332483316785, 0.31613419162583173
1air_, 0.039588854831333384, -0.5379527048523254, -0.5240742528830392, -0.5379521384490978, -0.26886410700088914, 0.2696393444676647, 0.033402240096795446, -0.25047379358259947, -0.15311742645660192, -0.25047483718034425, 0.6521348522394911, -0.651678381745338, 0.4926538714011175, 0.30773530177750824
1ak5_, 0.3255720806821325, 0.5214261868592174, 0.5037356065159426, 0.5214308309203267, -0.21911497242900038, 0.22015110285654801, 0.06723753316157195, 0.19658281309135545, 0.13457262929333919, 0.19657235636759254, 0.6711688492803729, -0.6705342673154492, 0.5382737200542951, 0.3122951788999077
1aop_, -0.24461650301744, -0.5118958295502023, -0.5267679919425204, -0.5118979872660548, -0.26539922829054396, 0.26108352889682607, 0.14663714375382086, -0.2866721241930552, -0.14078763105431186, -0.2866641280990997, 0.6280907518263616, -0.632314138190707, 0.5164448899643121, 0.3187611893604979
1arb_, 0.3109388537318255, 0.493146342479911, 0.471559439156686, 0.4931450880056008, -0.3119000894972643, 0.3119000894972644, -0.06124517536061753, -0.25608795219882524, -0.2594534388906297, -0.25609966520319527, -0.6315713988791355, 0.6315713988791356, 0.5625772392215028, 0.27948830215455656
1axn_, 0.3718415892310978, 0.46412876018424026, 0.42805923907597593, 0.46412946416982775, 0.35190016682225134, -0.3519001668222512, -0.2419131181913356, -0.20157280486623744, -0.35088529630303333, -0.20157117365947427, 0.6070811388822658, -0.6070811388822652, 0.6691367618931843, 0.22662694611664402
