pbd, molpdf_coor1, DOPE_coor1, DOPEHR_coor1, NDOPE_coor1, outlier_coor1, allowed_coor1, molpdf_coor2, DOPE_coor2, DOPEHR_coor2, NDOPE_coor2, outlier_coor2, allowed_coor2, coef_var_coor1, coef_var_coor2
1a6cA, 0.1215074848119502, -0.021492560759033073, -0.05141946660491975, 0.14160398786522319, 0.9802347483444026, -0.0349025526231071, 0.14347746725246158, 0.1474272984730954, 0.32250848101926655, -0.9141237280379062, 0.1342439608515412, -0.004904746615112973, 0.7245162442403594, 0.21033218937280068
1a4sA, 0.07225642410257314, -0.00973533803044754, -0.005753667801436775, -0.09011234332010483, 0.9930147790162993, -0.021273032523436017, -0.3489161660892553, 0.09726265245393192, 0.21017342442337666, 0.9014791664037749, 0.10936124447394215, -0.00021884336627814017, 0.844079384623525, 0.09470068247351313
1a8i_, 0.14385349863793662, -0.02363573308289349, -0.06283730371588311, -0.18622789220228433, 0.9690873837939828, -0.031429461500394995, 0.772219506006403, -0.07182288483840239, -0.15695943596025608, -0.5645295372085002, -0.23476393190872902, 0.008633719572950926, 0.8471953468948137, 0.11321819659589193
1aco_, 0.1638480509846531, -0.010910093258596954, -0.030161540658502864, -0.052200734132331554, 0.9844217120875179, -0.017721276631484765, 0.9481673483800571, -0.04594890824163416, -0.1424165960317833, -0.21953056445326757, -0.1743306957667474, -0.00017394356873596595, 0.909383209664107, 0.08378250361637211
1aozA, 0.14863694148537096, -0.0071890440589363665, -0.020961771620377524, -0.03957186652862275, 0.9878238700340626, -0.007351909432064078, 0.9535673734586775, -0.0416473331149427, -0.11179492773877608, -0.2287992706186266, -0.1553287843089937, -0.0007215129164769382, 0.796662148953676, 0.18220366273048022
1a4sA, 0.18769060259326528, -0.008046208035569501, -0.10919804115445599, -0.08916144893200376, 0.9716011907238367, -0.028716654589698697, 0.20955844485599825, -0.08420398924609981, -0.21861010717106896, -0.9371151762285586, -0.15150585629717514, 0.00810490080196105, 0.6983961941036644, 0.20708019950689108
1a8i_, -0.06040803796858556, 0.01474577170140105, 0.033330386371203016, 0.1208325724469154, -0.9898289663151777, 0.025702594992539633, 0.5727637432106109, -0.09641998115983498, -0.18340401393023478, -0.7810252978646632, -0.13779245634108914, 0.004535685360413761, 0.8099559351802283, 0.1352721854856258
1aco_, 0.02111828544311346, -0.020599702921256013, -0.0395685393896642, 0.3024936175252194, 0.9512820809633108, -0.03352632912632643, -0.08508851608509546, -0.0634468270580011, -0.15047625601279804, 0.9350652987660533, -0.3026926132107052, 0.011018615807190556, 0.6575152477288073, 0.31383353142386433
1aozA, -0.2075972069959872, 0.04432099810767544, 0.1712494945360849, -0.21798364257074102, -0.934584174311307, 0.06817779766011499, 0.03106520113915432, -0.14641613338791173, -0.6267617300918492, 0.7064697758095229, -0.2919554607570542, 0.020723601423685747, 0.48661216849785344, 0.42061912339037655
