pbd, molpdf_coor1, DOPE_coor1, DOPEHR_coor1, NDOPE_coor1, outlier_coor1, allowed_coor1, molpdf_coor2, DOPE_coor2, DOPEHR_coor2, NDOPE_coor2, outlier_coor2, allowed_coor2, coef_var_coor1, coef_var_coor2
1a6cA, 0.05909410612896627, 0.5289636009347809, 0.5194296791646249, 0.5289646854539277, 0.29080674051766625, -0.28727339786687633, 0.41727257351289954, -0.240302242047931, -0.20199008855315087, -0.24029960448096346, 0.5775414385032347, -0.5796899368497415, 0.5173239521892719, 0.33608128634271106
1a4sA, -0.23846557486435627, -0.5163017145944965, -0.4427636546069105, -0.516307343015691, -0.32707322025702934, 0.3270732202570284, 0.1267291993059766, -0.25228822387077493, -0.36737652649797464, -0.25227101067911123, 0.6007013347282565, -0.600701334728257, 0.5193247869149968, 0.2986056281393855
1a8i_, 0.3313872915444116, 0.4518642223746507, 0.441695520687913, 0.45185825764475235, 0.38002395713066034, -0.37724284161511606, 0.3250979929471019, 0.27767185435093417, 0.20173399367784775, 0.2777093427439809, -0.5880010444734532, 0.5946808595614124, 0.6910991306539779, 0.1900029807531526
1aco_, 0.4084073296404424, 0.44988253489361923, 0.4415571173764555, 0.44988333361037497, 0.3482572778727072, -0.3349004695968002, 0.08241405525376225, 0.2847570304601303, 0.2888717946936642, 0.28473559097158285, -0.5985436252279259, 0.6239756527811765, 0.6978816080469789, 0.22432541467542644
1aozA, 0.3947298597880082, 0.4883574542981165, 0.46719449223070625, 0.4883583313138995, 0.2650910570646774, -0.2804594672196514, -0.015962944306757414, -0.2428302124346003, -0.23035376235650487, -0.2428301533553718, 0.6485419159313195, -0.638860482740769, 0.590839148099512, 0.29213356092034953
1a4sA, 0.4182615943988918, 0.3864214510916882, 0.4606760304117738, 0.38643089184912305, 0.39634862281571687, -0.39634862281571936, -0.09898019042605674, 0.5050000975733989, 0.08012819394474917, 0.5049912302841889, -0.48669351404415434, 0.48669351404415284, 0.48099166514224073, 0.328132631814151
1a8i_, 0.29012516168395036, 0.5006208485272793, 0.4662866582863959, 0.5006214648333507, 0.31982327483662265, -0.3080164455068648, -0.1879494613711019, -0.24472518630220502, -0.2094920943073564, -0.24472109344604118, 0.6266564790879495, -0.6389920885441772, 0.5666893830602604, 0.2745587949263697
1aco_, -0.13652416417385146, 0.5422608700410327, 0.507266419415205, 0.5422605990456889, 0.26443876733167393, -0.25694486219297485, 0.33084818318786435, -0.16243693572598306, -0.21095543826221463, -0.1624421332998893, 0.6282774558584102, -0.6312935263804813, 0.5148200020000469, 0.3193589510415267
1aozA, 0.2182382633705016, 0.5574212933009598, 0.5329121846612176, 0.5574219294760024, 0.1517621404215292, -0.1546195682610943, -0.34263382260954106, 0.1665007264782572, 0.1562296623509627, 0.1664940784263115, -0.6354596127585643, 0.6316190835381703, 0.4842770697368543, 0.3637851854473552
